#Rev: sensefly/geoinfo/3
fileName	latitude	longitude	altitude_wgs84
IMG_0853.JPG	35.3275547093	139.8901475729	179.4140930176	
IMG_0854.JPG	35.3278312671	139.8897795510	182.9075622559	
IMG_0855.JPG	35.3281413447	139.8893975940	185.1738586426	
IMG_0856.JPG	35.3284649784	139.8890072827	185.9656677246	
IMG_0857.JPG	35.3287766781	139.8886352007	187.3494415283	
IMG_0858.JPG	35.3290652966	139.8882366111	186.1866760254	
IMG_0859.JPG	35.3293715592	139.8879085687	184.5833892822	
IMG_0860.JPG	35.3296875446	139.8875067825	184.4767913818	
IMG_0861.JPG	35.3299869520	139.8871004468	183.7641754150	
IMG_0862.JPG	35.3302905825	139.8866973418	183.2250366211	
IMG_0863.JPG	35.3306101604	139.8863403996	183.2436676025	
IMG_0864.JPG	35.3309101290	139.8859484439	183.2556457520	
IMG_0865.JPG	35.3312216463	139.8855604103	182.9493255615	
IMG_0866.JPG	35.3315338727	139.8851782021	181.8908843994	
IMG_0867.JPG	35.3318413524	139.8847965662	180.6999511719	
IMG_0868.JPG	35.3321386548	139.8843743045	180.5703125000	
IMG_0869.JPG	35.3324487405	139.8839708420	181.8216094971	
IMG_0870.JPG	35.3327931057	139.8835690392	181.5716094971	
IMG_0871.JPG	35.3331287871	139.8831618077	181.6837615967	
IMG_0872.JPG	35.3334274145	139.8827829086	180.1965332031	
IMG_0873.JPG	35.3337561082	139.8823700103	180.6285400391	
IMG_0874.JPG	35.3340602708	139.8819800513	180.9058380127	
IMG_0875.JPG	35.3343770958	139.8815819859	180.5337829590	
IMG_0876.JPG	35.3346633379	139.8812120601	180.9009857178	
IMG_0877.JPG	35.3349954721	139.8808470647	180.5456848145	
IMG_0878.JPG	35.3352879649	139.8804459574	180.3991088867	
IMG_0879.JPG	35.3356088899	139.8800575561	180.1777191162	
IMG_0880.JPG	35.3359075932	139.8796677869	180.7603912354	
IMG_0881.JPG	35.3361903954	139.8792421427	184.2372436523	
IMG_0882.JPG	35.3365591214	139.8788521407	181.4400177002	
IMG_0883.JPG	35.3368230619	139.8784575516	180.6067657471	
IMG_0884.JPG	35.3371410290	139.8792508040	172.2414703369	
IMG_0885.JPG	35.3369954310	139.8798090655	174.2333679199	
IMG_0886.JPG	35.3368092973	139.8803834218	176.7650451660	
IMG_0887.JPG	35.3366826931	139.8809687030	178.6373901367	
IMG_0888.JPG	35.3364102644	139.8815499457	177.2696380615	
IMG_0889.JPG	35.3363232437	139.8822111551	175.6528930664	
IMG_0890.JPG	35.3360936141	139.8827324134	178.4810333252	
IMG_0891.JPG	35.3359628451	139.8833233466	177.3623504639	
IMG_0892.JPG	35.3357990347	139.8838756848	177.2999572754	
IMG_0893.JPG	35.3356496998	139.8844101067	177.5069122314	
IMG_0894.JPG	35.3354954056	139.8849412805	177.8128967285	
IMG_0895.JPG	35.3353225214	139.8854873165	176.9692077637	
IMG_0896.JPG	35.3351744997	139.8860098900	175.5014648438	
IMG_0897.JPG	35.3350205849	139.8865631059	176.4035034180	
IMG_0898.JPG	35.3348630887	139.8870880411	175.7910919189	
IMG_0899.JPG	35.3347171546	139.8876266187	176.6425170898	
IMG_0900.JPG	35.3345614311	139.8881424342	177.1132507324	
IMG_0901.JPG	35.3343978209	139.8886752902	176.8394927979	
IMG_0902.JPG	35.3342239532	139.8892261828	178.1481475830	
IMG_0903.JPG	35.3340764763	139.8898192044	177.5851287842	
IMG_0904.JPG	35.3338882447	139.8903747652	176.3036346436	
IMG_0905.JPG	35.3337564104	139.8909516534	176.2107391357	
IMG_0906.JPG	35.3335804795	139.8914982900	176.5192718506	
IMG_0907.JPG	35.3334193895	139.8920598108	177.3727569580	
IMG_0908.JPG	35.3332277513	139.8926208621	179.8746032715	
IMG_0909.JPG	35.3330980535	139.8932334006	177.2114257812	
IMG_0910.JPG	35.3329054027	139.8937727125	176.2701873779	
IMG_0911.JPG	35.3327737491	139.8943610304	175.7594757080	
IMG_0912.JPG	35.3323387219	139.8938300203	171.4854125977	
IMG_0913.JPG	35.3325186562	139.8933699285	173.4570159912	
IMG_0914.JPG	35.3326553354	139.8928992737	174.3974609375	
IMG_0915.JPG	35.3327744590	139.8923929854	171.9967803955	
IMG_0916.JPG	35.3329021392	139.8918919323	173.0929870605	
IMG_0917.JPG	35.3330831529	139.8914311177	173.0262451172	
IMG_0918.JPG	35.3332020143	139.8909382491	172.6398773193	
IMG_0919.JPG	35.3333527391	139.8904091834	170.2715759277	
IMG_0920.JPG	35.3334794877	139.8899807995	170.7443237305	
IMG_0921.JPG	35.3336173912	139.8894921256	171.2250518799	
IMG_0922.JPG	35.3337442145	139.8889843524	171.1695709229	
IMG_0923.JPG	35.3339113391	139.8885071484	171.8457489014	
IMG_0924.JPG	35.3340589761	139.8879945127	172.3159027100	
IMG_0925.JPG	35.3341950986	139.8875241314	174.2171173096	
IMG_0926.JPG	35.3343321054	139.8870217784	173.3662414551	
IMG_0927.JPG	35.3344972017	139.8865399228	172.9178619385	
IMG_0928.JPG	35.3346043080	139.8860481258	171.8707122803	
IMG_0929.JPG	35.3347689853	139.8855638853	172.4923858643	
IMG_0930.JPG	35.3349032334	139.8850407353	171.8430938721	
IMG_0931.JPG	35.3350637372	139.8845543234	172.5015563965	
IMG_0932.JPG	35.3351821958	139.8840357580	173.2066955566	
IMG_0933.JPG	35.3353562418	139.8835412957	173.2612915039	
IMG_0934.JPG	35.3354800492	139.8830354235	173.5975036621	
IMG_0935.JPG	35.3356327209	139.8825398549	172.7113037109	
IMG_0936.JPG	35.3357876919	139.8820465653	173.7041625977	
IMG_0937.JPG	35.3359637837	139.8815400574	175.6157684326	
IMG_0938.JPG	35.3360926991	139.8810689626	175.9994659424	
IMG_0939.JPG	35.3362469615	139.8805546966	173.2357940674	
IMG_0940.JPG	35.3363749745	139.8800487118	174.8410491943	
IMG_0941.JPG	35.3365027267	139.8795579790	176.0482177734	
IMG_0942.JPG	35.3366455839	139.8790636095	179.5836791992	
IMG_0943.JPG	35.3368271623	139.8785396084	179.5759277344	
IMG_0944.JPG	35.3362039992	139.8788153732	172.2758331299	
IMG_0945.JPG	35.3360012542	139.8793611687	174.0291137695	
IMG_0946.JPG	35.3358533017	139.8799073799	174.0247955322	
IMG_0947.JPG	35.3356942334	139.8804561546	174.8279571533	
IMG_0948.JPG	35.3355230530	139.8809916258	174.2928161621	
IMG_0949.JPG	35.3353572816	139.8815514818	174.0022888184	
IMG_0950.JPG	35.3352088834	139.8821007304	174.4965972900	
IMG_0951.JPG	35.3350513095	139.8826298825	175.4925994873	
IMG_0952.JPG	35.3348903201	139.8831697523	175.3478546143	
IMG_0953.JPG	35.3347433097	139.8836903275	175.8762664795	
IMG_0954.JPG	35.3345816565	139.8841914686	174.6463928223	
IMG_0955.JPG	35.3344600454	139.8847393130	173.6603088379	
IMG_0956.JPG	35.3342879776	139.8852337490	175.5802612305	
IMG_0957.JPG	35.3341438065	139.8857802433	174.4373626709	
IMG_0958.JPG	35.3339723165	139.8863286510	175.1344299316	
IMG_0959.JPG	35.3338085654	139.8868755428	174.6670227051	
IMG_0960.JPG	35.3336544692	139.8874644148	173.8425445557	
IMG_0961.JPG	35.3334764177	139.8880299630	174.6778564453	
IMG_0962.JPG	35.3333161047	139.8886149814	172.4026031494	
IMG_0963.JPG	35.3331473271	139.8891793821	173.0395355225	
IMG_0964.JPG	35.3329893093	139.8897073553	173.0283508301	
IMG_0965.JPG	35.3328295343	139.8902421066	173.8783111572	
IMG_0966.JPG	35.3326691040	139.8907812775	174.6898193359	
IMG_0967.JPG	35.3325337915	139.8913683116	175.4165344238	
IMG_0968.JPG	35.3323418392	139.8919036827	175.6681213379	
IMG_0969.JPG	35.3322039609	139.8924678278	174.2335510254	
IMG_0970.JPG	35.3320193478	139.8929940272	174.1111907959	
IMG_0971.JPG	35.3318663984	139.8935411053	174.2054138184	
IMG_0972.JPG	35.3317361940	139.8941285524	174.9104156494	
IMG_0973.JPG	35.3313734973	139.8934303071	174.7605438232	
IMG_0974.JPG	35.3315085489	139.8929347152	172.4675140381	
IMG_0975.JPG	35.3316670995	139.8924629480	173.4758300781	
IMG_0976.JPG	35.3317738446	139.8919653533	174.1722564697	
IMG_0977.JPG	35.3319313202	139.8914959811	174.4318542480	
IMG_0978.JPG	35.3320897574	139.8910121351	176.6346130371	
IMG_0979.JPG	35.3322246854	139.8905059255	176.8481597900	
IMG_0980.JPG	35.3323707496	139.8900287003	174.7293243408	
IMG_0981.JPG	35.3325183732	139.8895568536	174.5453338623	
IMG_0982.JPG	35.3326291973	139.8890511909	173.0866088867	
IMG_0983.JPG	35.3328011457	139.8885749893	174.6468048096	
IMG_0984.JPG	35.3329229674	139.8880624214	173.8712310791	
IMG_0985.JPG	35.3330551325	139.8875860068	174.3084869385	
IMG_0986.JPG	35.3332203831	139.8870705183	173.5620727539	
IMG_0987.JPG	35.3333453288	139.8865648228	173.5368499756	
IMG_0988.JPG	35.3334853704	139.8861202016	174.5233764648	
IMG_0989.JPG	35.3336457753	139.8856423151	175.7037658691	
IMG_0990.JPG	35.3337869478	139.8851452182	175.3546905518	
IMG_0991.JPG	35.3339396060	139.8846334616	174.3721923828	
IMG_0992.JPG	35.3340756190	139.8841804088	175.6300048828	
IMG_0993.JPG	35.3342082908	139.8836857543	173.8896942139	
IMG_0994.JPG	35.3343307954	139.8831676890	172.7539825439	
IMG_0995.JPG	35.3344933575	139.8826596993	172.1250915527	
IMG_0996.JPG	35.3346485353	139.8821669828	172.8952178955	
IMG_0997.JPG	35.3347723905	139.8816677088	173.7736968994	
IMG_0998.JPG	35.3349413276	139.8811693705	174.9445648193	
IMG_0999.JPG	35.3350846856	139.8806571728	176.1636810303	
IMG_1000.JPG	35.3352529675	139.8801551227	176.2326049805	
IMG_1001.JPG	35.3353657859	139.8796617668	175.2709197998	
IMG_1002.JPG	35.3355277980	139.8791470764	175.7162322998	
IMG_1003.JPG	35.3356698641	139.8786672287	175.1999969482	
IMG_1004.JPG	35.3358350233	139.8781779198	176.2128753662	
IMG_1005.JPG	35.3352283846	139.8784437096	171.9654846191	
IMG_1006.JPG	35.3349949448	139.8789316484	175.1229553223	
IMG_1007.JPG	35.3348904054	139.8794866192	175.3827667236	
IMG_1008.JPG	35.3346840599	139.8800464258	174.4942169189	
IMG_1009.JPG	35.3345466817	139.8805642018	174.4406280518	
IMG_1010.JPG	35.3343823305	139.8810738617	174.9150848389	
IMG_1011.JPG	35.3342311745	139.8816269797	174.9392700195	
IMG_1012.JPG	35.3340835193	139.8821629082	175.0038299561	
IMG_1013.JPG	35.3339312997	139.8826635199	176.2233123779	
IMG_1014.JPG	35.3337707468	139.8831938201	176.2908782959	
IMG_1015.JPG	35.3336375255	139.8836857483	176.3148345947	
IMG_1016.JPG	35.3334832124	139.8842089682	176.4952239990	
IMG_1017.JPG	35.3333225088	139.8846980237	175.8184356689	
IMG_1018.JPG	35.3332028964	139.8852705461	175.6752624512	
IMG_1019.JPG	35.3330044788	139.8858563050	174.6376647949	
IMG_1020.JPG	35.3328468240	139.8864110509	175.4682006836	
IMG_1021.JPG	35.3326820244	139.8869366824	175.7533569336	
IMG_1022.JPG	35.3325230188	139.8875099317	174.5352325439	
IMG_1023.JPG	35.3323536204	139.8880639506	174.9785614014	
IMG_1024.JPG	35.3322007336	139.8886074257	174.7493438721	
IMG_1025.JPG	35.3320430561	139.8891490994	174.8460998535	
IMG_1026.JPG	35.3318944493	139.8896856010	175.1994171143	
IMG_1027.JPG	35.3317551050	139.8902479623	174.8874664307	
IMG_1028.JPG	35.3315453130	139.8908400859	174.0295715332	
IMG_1029.JPG	35.3314060108	139.8913836154	173.5860900879	
IMG_1030.JPG	35.3312502918	139.8919304397	176.2611389160	
IMG_1031.JPG	35.3310934061	139.8924160722	175.1118469238	
IMG_1032.JPG	35.3309522127	139.8929838634	175.4301147461	
IMG_1033.JPG	35.3307598467	139.8934896616	174.5727996826	
IMG_1034.JPG	35.3304433827	139.8929213974	174.1686401367	
IMG_1035.JPG	35.3305494005	139.8924734476	177.2490844727	
IMG_1036.JPG	35.3306799929	139.8919628436	174.7980957031	
IMG_1037.JPG	35.3308604941	139.8914976856	173.3894653320	
IMG_1038.JPG	35.3309634960	139.8909964611	171.5109558105	
IMG_1039.JPG	35.3311149040	139.8905023426	173.6998596191	
IMG_1040.JPG	35.3312539936	139.8899956016	172.2693481445	
IMG_1041.JPG	35.3313872906	139.8894773926	172.8527984619	
IMG_1042.JPG	35.3315370265	139.8889889013	172.6814270020	
IMG_1043.JPG	35.3316894835	139.8884871073	172.0370330811	
IMG_1044.JPG	35.3318195097	139.8880310251	174.1376495361	
IMG_1045.JPG	35.3319711034	139.8875240951	173.7126464844	
IMG_1046.JPG	35.3321003901	139.8870199093	174.4311370850	
IMG_1047.JPG	35.3322450860	139.8865378299	173.5983428955	
IMG_1048.JPG	35.3324051271	139.8860748142	173.2619171143	
IMG_1049.JPG	35.3325382446	139.8855583723	173.2769470215	
IMG_1050.JPG	35.3327010332	139.8850928851	174.2225646973	
IMG_1051.JPG	35.3328163941	139.8845596855	173.8094940186	
IMG_1052.JPG	35.3329917988	139.8840592012	174.0981292725	
IMG_1053.JPG	35.3331109694	139.8835687485	175.2476501465	
IMG_1054.JPG	35.3332782760	139.8831013813	175.8230438232	
IMG_1055.JPG	35.3334164891	139.8825994749	176.9034423828	
IMG_1056.JPG	35.3335720365	139.8821182939	177.1102600098	
IMG_1057.JPG	35.3337168039	139.8816305764	177.8948822021	
IMG_1058.JPG	35.3338440229	139.8811611114	177.5222625732	
IMG_1059.JPG	35.3339905833	139.8806988991	177.3355865479	
IMG_1060.JPG	35.3341264047	139.8801898634	175.9234313965	
IMG_1061.JPG	35.3342596865	139.8796846904	176.0881958008	
IMG_1062.JPG	35.3344213267	139.8792140312	176.2585906982	
IMG_1063.JPG	35.3345375206	139.8787176286	174.6191101074	
IMG_1064.JPG	35.3347085377	139.8782152654	173.1681671143	
IMG_1065.JPG	35.3348140361	139.8777153239	172.6418151855	
IMG_1066.JPG	35.3342334424	139.8779418291	170.2717895508	
IMG_1067.JPG	35.3340312078	139.8784502757	172.3424072266	
IMG_1068.JPG	35.3339127820	139.8790114415	174.3675384521	
IMG_1069.JPG	35.3337319904	139.8795337275	176.2806243896	
IMG_1070.JPG	35.3335669634	139.8800638621	175.9343566895	
IMG_1071.JPG	35.3334351363	139.8806037370	175.8912963867	
IMG_1072.JPG	35.3332763733	139.8810813027	174.9892883301	
IMG_1073.JPG	35.3331364900	139.8816127742	175.8126373291	
IMG_1074.JPG	35.3329882649	139.8821043857	175.1731719971	
IMG_1075.JPG	35.3328523385	139.8826213285	176.2945098877	
IMG_1076.JPG	35.3326581572	139.8831610687	176.5389556885	
IMG_1077.JPG	35.3325559560	139.8836996905	176.7605590820	
IMG_1078.JPG	35.3323807185	139.8842032893	175.6490936279	
IMG_1079.JPG	35.3322291007	139.8847113198	173.5857391357	
IMG_1080.JPG	35.3320625719	139.8852786736	175.3581237793	
IMG_1081.JPG	35.3318642321	139.8858417260	175.7334442139	
IMG_1082.JPG	35.3317237602	139.8864206537	174.8775787354	
IMG_1083.JPG	35.3315740043	139.8869776850	173.9913482666	
IMG_1084.JPG	35.3314181932	139.8875175987	174.6282653809	
IMG_1085.JPG	35.3312667487	139.8880748351	176.2760772705	
IMG_1086.JPG	35.3311012327	139.8885956505	176.0663452148	
IMG_1087.JPG	35.3309462853	139.8891150811	175.9304809570	
IMG_1088.JPG	35.3308114402	139.8896354340	175.9254913330	
IMG_1089.JPG	35.3306537506	139.8901726282	176.6068572998	
IMG_1090.JPG	35.3304818129	139.8907140454	175.7112884521	
IMG_1091.JPG	35.3302967294	139.8912528356	174.7729644775	
IMG_1092.JPG	35.3301685227	139.8918272552	175.9041900635	
IMG_1093.JPG	35.3300122794	139.8923673059	176.1068572998	
IMG_1094.JPG	35.3298367917	139.8929093586	175.3064422607	
IMG_1095.JPG	35.3294013607	139.8925548072	172.4816894531	
IMG_1096.JPG	35.3295518067	139.8920848692	174.5291442871	
IMG_1097.JPG	35.3296883561	139.8915738999	172.9722442627	
IMG_1098.JPG	35.3298297585	139.8911226146	173.6521148682	
IMG_1099.JPG	35.3299544470	139.8906469266	173.4343566895	
IMG_1100.JPG	35.3301220287	139.8901638959	172.8628692627	
IMG_1101.JPG	35.3302568057	139.8896864062	173.6567993164	
IMG_1102.JPG	35.3303769084	139.8891936503	172.9830474854	
IMG_1103.JPG	35.3305475283	139.8886427054	171.9907379150	
IMG_1104.JPG	35.3306625326	139.8882249221	172.8727569580	
IMG_1105.JPG	35.3308095112	139.8876978020	171.8147735596	
IMG_1106.JPG	35.3309640958	139.8872331840	170.1964111328	
IMG_1107.JPG	35.3311151389	139.8867097127	169.7454376221	
IMG_1108.JPG	35.3312381165	139.8862538557	171.2548828125	
IMG_1109.JPG	35.3313829252	139.8857367895	173.5195617676	
IMG_1110.JPG	35.3315459074	139.8852521050	176.0533447266	
IMG_1111.JPG	35.3316782295	139.8847505861	176.4463958740	
IMG_1112.JPG	35.3318064791	139.8842278293	175.5412292480	
IMG_1113.JPG	35.3319604952	139.8837356484	174.4177093506	
IMG_1114.JPG	35.3321101015	139.8832445934	173.2525939941	
IMG_1115.JPG	35.3322658992	139.8827199976	173.3739013672	
IMG_1116.JPG	35.3323890512	139.8822180151	172.9237976074	
IMG_1117.JPG	35.3325666615	139.8817367279	172.9514770508	
IMG_1118.JPG	35.3326904996	139.8812311255	173.0491943359	
IMG_1119.JPG	35.3328404488	139.8807085299	172.0032653809	
IMG_1120.JPG	35.3330008304	139.8802091644	173.0688018799	
IMG_1121.JPG	35.3331180471	139.8797111526	173.8241424561	
IMG_1122.JPG	35.3332767634	139.8791986719	173.9180145264	
IMG_1123.JPG	35.3334148682	139.8787573075	174.0437316895	
IMG_1124.JPG	35.3335835285	139.8782457233	172.1231384277	
IMG_1125.JPG	35.3337091854	139.8777550515	172.4650573730	
IMG_1126.JPG	35.3338453573	139.8772633126	173.8652038574	
IMG_1127.JPG	35.3332490111	139.8774670339	171.3204498291	
IMG_1128.JPG	35.3330760276	139.8779686562	172.6358032227	
IMG_1129.JPG	35.3329367997	139.8785128878	174.5881042480	
IMG_1130.JPG	35.3327931478	139.8789909207	176.1766204834	
IMG_1131.JPG	35.3326363085	139.8795142373	176.6003112793	
IMG_1132.JPG	35.3324830830	139.8800300860	176.7624664307	
IMG_1133.JPG	35.3323346756	139.8805596405	176.4505615234	
IMG_1134.JPG	35.3321940315	139.8810454117	176.1425781250	
IMG_1135.JPG	35.3320371016	139.8815672723	175.9755401611	
IMG_1136.JPG	35.3318799204	139.8820485810	175.3336334229	
IMG_1137.JPG	35.3317312884	139.8825983971	176.4580993652	
IMG_1138.JPG	35.3315912227	139.8831206500	174.2791442871	
IMG_1139.JPG	35.3314156191	139.8836661830	175.9733581543	
IMG_1140.JPG	35.3312644574	139.8842038853	175.4866027832	
IMG_1141.JPG	35.3311064080	139.8847721122	175.7920532227	
IMG_1142.JPG	35.3309549951	139.8853241348	175.6977081299	
IMG_1143.JPG	35.3307861276	139.8858280411	175.7232360840	
IMG_1144.JPG	35.3306561842	139.8863703293	175.6699066162	
IMG_1145.JPG	35.3304721018	139.8869020971	175.1698913574	
IMG_1146.JPG	35.3303114878	139.8874514616	175.2550048828	
IMG_1147.JPG	35.3301428708	139.8880177202	174.5332336426	
IMG_1148.JPG	35.3300070464	139.8885815947	175.6575317383	
IMG_1149.JPG	35.3298484240	139.8891266990	174.7411346436	
IMG_1150.JPG	35.3296781298	139.8896648572	177.2003631592	
IMG_1151.JPG	35.3294958958	139.8902096273	176.8347015381	
IMG_1152.JPG	35.3293680167	139.8908089060	175.8390197754	
IMG_1153.JPG	35.3291816171	139.8913091543	175.2904510498	
IMG_1154.JPG	35.3290396792	139.8918689184	175.8846588135	
IMG_1155.JPG	35.3288859871	139.8924031663	176.8744659424	
IMG_1156.JPG	35.3283969786	139.8921348480	172.6871032715	
IMG_1157.JPG	35.3286032573	139.8916584635	173.2716979980	
IMG_1158.JPG	35.3287055673	139.8911576934	172.7843780518	
IMG_1159.JPG	35.3288364589	139.8906850496	173.3322601318	
IMG_1160.JPG	35.3289758044	139.8901591939	172.3803405762	
IMG_1161.JPG	35.3291255946	139.8896832699	173.9667663574	
IMG_1162.JPG	35.3292710432	139.8892065177	175.2122192383	
IMG_1163.JPG	35.3294092858	139.8887036569	174.8740844727	
IMG_1164.JPG	35.3295630122	139.8882228974	174.6674652100	
IMG_1165.JPG	35.3297064312	139.8877137066	174.5942993164	
IMG_1166.JPG	35.3298501561	139.8872199590	174.6086273193	
IMG_1167.JPG	35.3299697015	139.8867493561	174.7576141357	
IMG_1168.JPG	35.3301205894	139.8862411269	174.6058349609	
IMG_1169.JPG	35.3302695780	139.8857897198	175.7396240234	
IMG_1170.JPG	35.3304139331	139.8853256854	174.8882904053	
IMG_1171.JPG	35.3305723329	139.8848111769	173.6558837891	
IMG_1172.JPG	35.3306989739	139.8843112128	174.8495788574	
IMG_1173.JPG	35.3308409055	139.8838184062	175.0559234619	
IMG_1174.JPG	35.3309979835	139.8833591900	175.3061523438	
IMG_1175.JPG	35.3311526715	139.8828682823	173.7163848877	
IMG_1176.JPG	35.3312589419	139.8823384006	172.2289581299	
IMG_1177.JPG	35.3313945208	139.8818701246	172.9759521484	
IMG_1178.JPG	35.3315588245	139.8813939182	171.3648834229	
IMG_1179.JPG	35.3316680525	139.8808979302	172.4285583496	
IMG_1180.JPG	35.3318182304	139.8803990970	171.8071441650	
IMG_1181.JPG	35.3319888153	139.8798983217	172.3365478516	
IMG_1182.JPG	35.3321151780	139.8794327401	172.9983062744	
IMG_1183.JPG	35.3322397325	139.8789052606	172.5640411377	
IMG_1184.JPG	35.3316254334	139.8791787375	172.0432281494	
IMG_1185.JPG	35.3314776143	139.8796933325	172.8863220215	
IMG_1186.JPG	35.3313161392	139.8802063515	174.3938903809	
IMG_1187.JPG	35.3311917368	139.8807545816	175.3955993652	
IMG_1188.JPG	35.3310167742	139.8812748175	175.8780059814	
IMG_1189.JPG	35.3308568248	139.8817824805	176.2580108643	
IMG_1190.JPG	35.3307071285	139.8823079127	175.9556427002	
IMG_1191.JPG	35.3305674744	139.8828325518	175.9770355225	
IMG_1192.JPG	35.3304006730	139.8833825517	176.2823791504	
IMG_1193.JPG	35.3302398833	139.8839251265	175.8872985840	
IMG_1194.JPG	35.3300815237	139.8844723527	175.7154693604	
IMG_1195.JPG	35.3299305768	139.8849951940	174.6231536865	
IMG_1196.JPG	35.3297633318	139.8855220757	173.4446563721	
IMG_1197.JPG	35.3296236078	139.8861010648	174.5066223145	
IMG_1198.JPG	35.3294580240	139.8866219489	174.9587707520	
IMG_1199.JPG	35.3292988174	139.8871626012	174.7799530029	
IMG_1200.JPG	35.3291404710	139.8877096229	176.2762451172	
IMG_1201.JPG	35.3289832463	139.8882254937	175.9679565430	
IMG_1202.JPG	35.3288476484	139.8887774806	176.5349731445	
IMG_1203.JPG	35.3286732881	139.8892825327	176.1345825195	
IMG_1204.JPG	35.3285416183	139.8898216144	176.2705535889	
IMG_1205.JPG	35.3283711859	139.8903050883	175.0956573486	
IMG_1206.JPG	35.3282605240	139.8908695525	176.2988128662	
IMG_1207.JPG	35.3280102617	139.8914685389	173.8667297363	
IMG_1208.JPG	35.3279028890	139.8920847334	175.2974243164	
